0 0
0.406 2021.15
0.679 2095.9
0.952 2158.09
1.225 2198.21
1.498 2219.69
1.77 2228.64
2.042 2229.88
2.315 2225.64
2.587 2211.71
2.86 2164.72
3.133 2047.01
3.405 1916.24
3.677 1805.66
3.95 1658.49
4.223 1497.7
4.496 1339.45
4.769 1213.06
5.041 1102.13
5.313 966.508
5.585 670.253
5.858 443.975
6.131 155.355
6.404 41.358
6.677 5.775
6.95 0
0 0
0.01 0.584121
0.02 0.622946
0.03 0.629895
0.04 0.63053
0.05 0.629327
0.06 0.62753
0.07 0.62557
0.08 0.623615
0.09 0.621733
0.1 0.619946
0.11 0.618264
0.12 0.616684
0.13 0.6152
0.14 0.613806
0.15 0.612497
0.16 0.611264
0.17 0.610102
0.18 0.609005
0.19 0.607968
0.2 0.606987
0.21 0.606057
0.22 0.605174
0.23 0.604336
0.24 0.603539
0.25 0.602781
0.26 0.602608
0.27 0.602469
0.28 0.602362
0.29 0.602286
0.3 0.602238
0.31 0.602217
0.32 0.602223
0.33 0.602253
0.34 0.602306
0.35 0.602383
0.36 0.602481
0.37 0.6026
0.38 0.60274
0.39 0.602899
0.4 0.603077
0.41 0.603274
0.42 0.603489
0.43 0.603721
0.44 0.603971
0.45 0.604237
0.46 0.604521
0.47 0.604821
0.48 0.605138
0.49 0.605471
0.5 0.60582
0.51 0.606185
0.52 0.606566
0.53 0.606964
0.54 0.607378
0.55 0.607991
0.56 0.608742
0.57 0.609503
0.58 0.610276
0.59 0.61106
0.6 0.611856
0.61 0.613658
0.62 0.615439
0.63 0.617234
0.64 0.619046
0.65 0.620874
0.66 0.622719
0.67 0.624585
0.68 0.626471
0.69 0.628379
0.7 0.630312
0.71 0.631668
0.72 0.632987
0.73 0.634307
0.74 0.635626
0.75 0.636946
0.76 0.638265
0.77 0.639585
0.78 0.640905
0.79 0.642225
0.8 0.643545
0.81 0.646335
0.82 0.649126
0.83 0.651917
0.84 0.654708
0.85 0.657499
0.86 0.66029
0.87 0.663081
0.88 0.665872
0.89 0.668663
0.9 0.671454
0.91 0.67602
0.92 0.689718
0.93 0.707001
0.94 0.721021
0.95 0.735042
0.96 0.749062
0.97 0.763082
0.98 0.777102
0.99 0.791122
1 0.805142
1.01 0.819162
1.02 0.833182
1.03 0.847203
1.04 0.861223
1.05 0.875243
1.06 0.874658
1.07 0.874087
1.08 0.87353
1.09 0.872987
1.1 0.872457
1.11 0.87194
1.12 0.871435
1.13 0.870943
1.14 0.870466
1.15 0.870086
1.16 0.868886
1.17 0.86771
1.18 0.866584
1.19 0.86524
1.2 0.86325
1.21 0.86131
1.22 0.859418
1.23 0.857572
1.24 0.855771
1.25 0.854015
1.26 0.852303
1.27 0.850632
1.28 0.849004
1.29 0.847417
1.3 0.84587
1.31 0.844363
1.32 0.842896
1.33 0.841468
1.34 0.840078
1.35 0.838726
1.36 0.837412
1.37 0.836135
1.38 0.834894
1.39 0.833691
1.4 0.832523
1.41 0.831392
1.42 0.830296
1.43 0.829235
1.44 0.828209
1.45 0.827218
1.46 0.826262
1.47 0.825339
1.48 0.824451
1.49 0.823597
1.5 0.822776
1.51 0.821989
1.52 0.821235
1.53 0.820515
1.54 0.819827
1.55 0.819172
1.56 0.81855
1.57 0.817961
1.58 0.817404
1.59 0.816879
1.6 0.816386
1.61 0.814508
1.62 0.812527
1.63 0.810562
1.64 0.808613
1.65 0.80668
1.66 0.804762
1.67 0.802858
1.68 0.800969
1.69 0.799094
1.7 0.797233
1.71 0.795384
1.72 0.793549
1.73 0.791727
1.74 0.789917
1.75 0.788119
1.76 0.786332
1.77 0.784558
1.78 0.782795
1.79 0.781043
1.8 0.779302
1.81 0.77761
1.82 0.775917
1.83 0.774229
1.84 0.772548
1.85 0.770872
1.86 0.769201
1.87 0.767536
1.88 0.765876
1.89 0.76422
1.9 0.76257
1.91 0.760924
1.92 0.759283
1.93 0.757646
1.94 0.756014
1.95 0.754385
1.96 0.752761
1.97 0.751141
1.98 0.749525
1.99 0.747912
2 0.746303
